0.79000000 0.03521700
0.80000000 0.03007870
0.81000000 0.02478480
0.82000000 0.01957160
0.83000000 0.01468260
0.84000000 0.01036150
0.85000000 0.00684465
0.86000000 0.00435293
0.87000000 0.00308437
0.88000000 0.00321550
0.89000000 0.00490646
0.90000000 0.00820894
0.91000000 0.01315810
0.92000000 0.01973730
0.93000000 0.02787570
0.94000000 0.03744800
0.95000000 0.04827490
0.96000000 0.06012520
0.97000000 0.07272070
0.98000000 0.08574120
0.99000000 0.09881420
1.00000000 0.11154800
1.01000000 0.12354100
1.02000000 0.13438500
1.03000000 0.14367800
1.04000000 0.15103000
1.05000000 0.15608200
1.06000000 0.15850800
1.07000000 0.15803300
1.08000000 0.15437100
1.09000000 0.14739800
1.10000000 0.13706500
1.11000000 0.12337300
1.12000000 0.10639900
1.13000000 0.08630270
1.14000000 0.06332090
1.15000000 0.03776530
1.16000000 0.01001650
1.17000000 -0.01948340
1.18000000 -0.05025860
1.19000000 -0.08172520
1.20000000 -0.11331700
1.21000000 -0.14446000
1.22000000 -0.17458000
1.23000000 -0.20312200
1.24000000 -0.22956400
1.25000000 -0.25342800
1.26000000 -0.27429800
1.27000000 -0.29181100
1.28000000 -0.30563500
1.29000000 -0.31568600
1.30000000 -0.32190300
1.31000000 -0.32432500
1.32000000 -0.32309300
1.33000000 -0.31845000
1.34000000 -0.31073200
1.35000000 -0.30036400
1.36000000 -0.28784700
1.37000000 -0.27373500
1.38000000 -0.25866600
1.39000000 -0.24331400
1.40000000 -0.22833700
1.41000000 -0.21438500
1.42000000 -0.20208100
1.43000000 -0.19199600
1.44000000 -0.18463800
1.45000000 -0.18042500
1.46000000 -0.17967500
1.47000000 -0.18266100
1.48000000 -0.18941600
1.49000000 -0.19982700
1.50000000 -0.21367500
1.51000000 -0.23059600
1.52000000 -0.25008400
1.53000000 -0.27150100
1.54000000 -0.29408000
1.55000000 -0.31694800
1.56000000 -0.33913600
1.57000000 -0.35952500
1.58000000 -0.37702800
1.59000000 -0.39053300
1.60000000 -0.39892800
1.61000000 -0.40113800
1.62000000 -0.39615000
1.63000000 -0.38303900
1.64000000 -0.36100100
1.65000000 -0.32937300
1.66000000 -0.28761200
1.67000000 -0.23519800
1.68000000 -0.17228700
1.69000000 -0.09900510
1.70000000 -0.01570220
1.71000000 0.07704750
1.72000000 0.17844700
1.73000000 0.28748600
1.74000000 0.40295000
1.75000000 0.52344100
1.76000000 0.64741600
1.77000000 0.77311100
1.78000000 0.89865200
1.79000000 1.02215000
1.80000000 1.14170000
1.81000000 1.25537000
1.82000000 1.36129000
1.83000000 1.45766000
1.84000000 1.54277000
1.85000000 1.61510000
1.86000000 1.67300000
1.87000000 1.71538000
1.88000000 1.74149000
1.89000000 1.75070000
1.90000000 1.74262000
1.91000000 1.71716000
1.92000000 1.67450000
1.93000000 1.61511000
1.94000000 1.53973000
1.95000000 1.44936000
1.96000000 1.34492000
1.97000000 1.22824000
1.98000000 1.10101000
1.99000000 0.96504400
2.00000000 0.82226100
2.01000000 0.67466600
2.02000000 0.52429800
2.03000000 0.37320000
2.04000000 0.22337400
2.05000000 0.07676360
2.06000000 -0.06465640
2.07000000 -0.19931600
2.08000000 -0.32574600
2.09000000 -0.44268400
2.10000000 -0.54909100
2.11000000 -0.64416800
2.12000000 -0.72736600
2.13000000 -0.79839100
2.14000000 -0.85720100
2.15000000 -0.90387500
2.16000000 -0.93879900
2.17000000 -0.96286000
2.18000000 -0.97692500
2.19000000 -0.98202700
2.20000000 -0.97933700
2.21000000 -0.97013200
2.22000000 -0.95576400
2.23000000 -0.93762400
2.24000000 -0.91711000
2.25000000 -0.89560000
2.26000000 -0.87446400
2.27000000 -0.85492600
2.28000000 -0.83808500
2.29000000 -0.82489600
2.30000000 -0.81616000
2.31000000 -0.81250500
2.32000000 -0.81437400
2.33000000 -0.82202800
2.34000000 -0.83553900
2.35000000 -0.85492900
2.36000000 -0.87977600
2.37000000 -0.90959900
2.38000000 -0.94379700
2.39000000 -0.98164800
2.40000000 -1.02233000
2.41000000 -1.06496000
2.42000000 -1.10858000
2.43000000 -1.15223000
2.44000000 -1.19495000
2.45000000 -1.23573000
2.46000000 -1.27372000
2.47000000 -1.30813000
2.48000000 -1.33826000
2.49000000 -1.36352000
2.50000000 -1.38346000
2.51000000 -1.39775000
2.52000000 -1.40618000
2.53000000 -1.40873000
2.54000000 -1.40541000
2.55000000 -1.39641000
2.56000000 -1.38218000
2.57000000 -1.36318000
2.58000000 -1.33995000
2.59000000 -1.31311000
2.60000000 -1.28331000
2.61000000 -1.25127000
2.62000000 -1.21768000
2.63000000 -1.18324000
2.64000000 -1.14864000
2.65000000 -1.11451000
2.66000000 -1.08139000
2.67000000 -1.04975000
2.68000000 -1.01993000
2.69000000 -0.99220200
2.70000000 -0.96669500
2.71000000 -0.94343400
2.72000000 -0.92232900
2.73000000 -0.90317400
2.74000000 -0.88568500
2.75000000 -0.86939900
2.76000000 -0.85380800
2.77000000 -0.83833700
2.78000000 -0.82235900
2.79000000 -0.80521000
2.80000000 -0.78620700
2.81000000 -0.76466600
2.82000000 -0.73992200
2.83000000 -0.71133200
2.84000000 -0.67819900
2.85000000 -0.64011900
2.86000000 -0.59667000
2.87000000 -0.54752400
2.88000000 -0.49245600
2.89000000 -0.43134400
2.90000000 -0.36418000
2.91000000 -0.29106300
2.92000000 -0.21220300
2.93000000 -0.12786300
2.94000000 -0.03842400
2.95000000 0.05550960
2.96000000 0.15336200
2.97000000 0.25449800
2.98000000 0.35823300
2.99000000 0.46385100
3.00000000 0.57061800
3.01000000 0.67779700
3.02000000 0.78466100
3.03000000 0.89047700
3.04000000 0.99455400
3.05000000 1.09629000
3.06000000 1.19512000
3.07000000 1.29054000
3.08000000 1.38212000
3.09000000 1.46949000
3.10000000 1.55236000
3.11000000 1.63048000
3.12000000 1.70370000
3.13000000 1.77178000
3.14000000 1.83475000
3.15000000 1.89263000
3.16000000 1.94544000
3.17000000 1.99321000
3.18000000 2.03603000
3.19000000 2.07394000
3.20000000 2.10701000
3.21000000 2.13531000
3.22000000 2.15886000
3.23000000 2.17756000
3.24000000 2.19152000
3.25000000 2.20072000
3.26000000 2.20508000
3.27000000 2.20450000
3.28000000 2.19889000
3.29000000 2.18808000
3.30000000 2.17195000
3.31000000 2.15034000
3.32000000 2.12304000
3.33000000 2.08985000
3.34000000 2.05076000
3.35000000 2.00568000
3.36000000 1.95458000
3.37000000 1.89746000
3.38000000 1.83437000
3.39000000 1.76545000
3.40000000 1.69088000
3.41000000 1.61094000
3.42000000 1.52589000
3.43000000 1.43618000
3.44000000 1.34236000
3.45000000 1.24499000
3.46000000 1.14470000
3.47000000 1.04214000
3.48000000 0.93804500
3.49000000 0.83315100
3.50000000 0.72822700
3.51000000 0.62404900
3.52000000 0.52143700
3.53000000 0.42114100
3.54000000 0.32386100
3.55000000 0.23026300
3.56000000 0.14094900
3.57000000 0.05645410
3.58000000 -0.02276990
3.59000000 -0.09635680
3.60000000 -0.16403400
3.61000000 -0.22562000
3.62000000 -0.28087700
3.63000000 -0.33000400
3.64000000 -0.37312500
3.65000000 -0.41045700
3.66000000 -0.44229700
3.67000000 -0.46901700
3.68000000 -0.49105000
3.69000000 -0.50888200
3.70000000 -0.52303500
3.71000000 -0.53403700
3.72000000 -0.54243900
3.73000000 -0.54885800
3.74000000 -0.55383200
3.75000000 -0.55786700
3.76000000 -0.56143000
3.77000000 -0.56493100
3.78000000 -0.56872400
3.79000000 -0.57309400
3.80000000 -0.57825100
3.81000000 -0.58435000
3.82000000 -0.59144700
3.83000000 -0.59951100
3.84000000 -0.60844800
3.85000000 -0.61810300
3.86000000 -0.62826000
3.87000000 -0.63865200
3.88000000 -0.64897600
3.89000000 -0.65889400
3.90000000 -0.66805600
3.91000000 -0.67606600
3.92000000 -0.68257600
3.93000000 -0.68725800
3.94000000 -0.68980600
3.95000000 -0.68994900
3.96000000 -0.68746700
3.97000000 -0.68219100
3.98000000 -0.67401300
3.99000000 -0.66288600
4.00000000 -0.64882900
4.01000000 -0.63185400
4.02000000 -0.61219600
4.03000000 -0.59007100
4.04000000 -0.56574800
4.05000000 -0.53954300
4.06000000 -0.51181400
4.07000000 -0.48294900
4.08000000 -0.45335800
4.09000000 -0.42346200
4.10000000 -0.39368800
4.11000000 -0.36447200
4.12000000 -0.33620100
4.13000000 -0.30923700
4.14000000 -0.28390400
4.15000000 -0.26048000
4.16000000 -0.23919000
4.17000000 -0.22020700
4.18000000 -0.20364100
4.19000000 -0.18954400
4.20000000 -0.17794300
4.21000000 -0.16876300
4.22000000 -0.16184200
4.23000000 -0.15700400
4.24000000 -0.15402800
4.25000000 -0.15265600
4.26000000 -0.15260100
4.27000000 -0.15355600
4.28000000 -0.15520400
4.29000000 -0.15722200
4.30000000 -0.15929000
4.31000000 -0.16109800
4.32000000 -0.16237000
4.33000000 -0.16286100
4.34000000 -0.16236300
4.35000000 -0.16071000
4.36000000 -0.15778100
4.37000000 -0.15349900
4.38000000 -0.14783900
4.39000000 -0.14082100
4.40000000 -0.13247900
4.41000000 -0.12296600
4.42000000 -0.11243300
4.43000000 -0.10106700
4.44000000 -0.08908020
4.45000000 -0.07670560
4.46000000 -0.06419080
4.47000000 -0.05178940
4.48000000 -0.03975480
4.49000000 -0.02833840
4.50000000 -0.01779210
4.51000000 -0.00831174
4.52000000 -0.00007990
4.53000000 0.00675122
4.54000000 0.01206330
4.55000000 0.01577410
4.56000000 0.01783900
4.57000000 0.01825100
4.58000000 0.01703970
4.59000000 0.01424960
4.60000000 0.00998220
4.61000000 0.00438803
4.62000000 -0.00238157
4.63000000 -0.01015660
4.64000000 -0.01875350
4.65000000 -0.02798070
4.66000000 -0.03764420
4.67000000 -0.04755270
4.68000000 -0.05752260
4.69000000 -0.06737710
4.70000000 -0.07695840
4.71000000 -0.08613510
4.72000000 -0.09479760
4.73000000 -0.10286100
4.74000000 -0.11026600
4.75000000 -0.11697800
4.76000000 -0.12298900
4.77000000 -0.12831300
4.78000000 -0.13298500
4.79000000 -0.13704400
4.80000000 -0.14057900
4.81000000 -0.14366900
4.82000000 -0.14640400
4.83000000 -0.14887300
4.84000000 -0.15116600
4.85000000 -0.15336800
4.86000000 -0.15555500
4.87000000 -0.15779100
4.88000000 -0.16013000
4.89000000 -0.16260900
4.90000000 -0.16524100
4.91000000 -0.16802600
4.92000000 -0.17094200
4.93000000 -0.17395500
4.94000000 -0.17701000
4.95000000 -0.18004400
4.96000000 -0.18297800
4.97000000 -0.18572800
4.98000000 -0.18819800
4.99000000 -0.19029200
5.00000000 -0.19192400
5.01000000 -0.19301200
5.02000000 -0.19348000
5.03000000 -0.19326500
5.04000000 -0.19231800
5.05000000 -0.19060700
5.06000000 -0.18811800
5.07000000 -0.18485500
5.08000000 -0.18082700
5.09000000 -0.17608600
5.10000000 -0.17070100
5.11000000 -0.16474700
5.12000000 -0.15831500
5.13000000 -0.15150500
5.14000000 -0.14442400
5.15000000 -0.13718400
5.16000000 -0.12989800
5.17000000 -0.12267600
5.18000000 -0.11562600
5.19000000 -0.10883900
5.20000000 -0.10239300
5.21000000 -0.09634960
5.22000000 -0.09075300
5.23000000 -0.08562710
5.24000000 -0.08097570
5.25000000 -0.07678180
5.26000000 -0.07300820
5.27000000 -0.06960050
5.28000000 -0.06648710
5.29000000 -0.06357030
5.30000000 -0.06074930
5.31000000 -0.05791560
5.32000000 -0.05495630
5.33000000 -0.05175860
5.34000000 -0.04821330
5.35000000 -0.04421900
5.36000000 -0.03968630
5.37000000 -0.03453240
5.38000000 -0.02869750
5.39000000 -0.02215870
5.40000000 -0.01490630
5.41000000 -0.00695506
5.42000000 0.00165546
5.43000000 0.01086130
5.44000000 0.02057490
5.45000000 0.03068750
5.46000000 0.04107080
5.47000000 0.05158040
5.48000000 0.06205230
5.49000000 0.07232150
5.50000000 0.08222120
5.51000000 0.09158730
5.52000000 0.10026200
5.53000000 0.10810100
5.54000000 0.11497400
5.55000000 0.12077300
5.56000000 0.12541500
5.57000000 0.12880800
5.58000000 0.13095700
5.59000000 0.13187100
5.60000000 0.13159000
5.61000000 0.13018400
5.62000000 0.12775500
5.63000000 0.12443100
5.64000000 0.12036900
5.65000000 0.11574300
5.66000000 0.11074900
5.67000000 0.10559900
5.68000000 0.10051400
5.69000000 0.09571190
5.70000000 0.09140310
5.71000000 0.08778850
5.72000000 0.08505330
5.73000000 0.08336210
5.74000000 0.08285420
5.75000000 0.08363970
5.76000000 0.08581340
5.77000000 0.08942520
5.78000000 0.09445590
5.79000000 0.10087300
5.80000000 0.10860800
5.81000000 0.11755800
5.82000000 0.12758900
5.83000000 0.13854100
5.84000000 0.15022600
5.85000000 0.16244100
5.86000000 0.17496800
5.87000000 0.18757000
5.88000000 0.20001700
5.89000000 0.21208600
5.90000000 0.22356700
5.91000000 0.23426500
5.92000000 0.24400700
5.93000000 0.25264600
5.94000000 0.26006700
5.95000000 0.26618500
5.96000000 0.27091600
5.97000000 0.27428100
5.98000000 0.27631000
5.99000000 0.27706600
6.00000000 0.27664300
6.01000000 0.27516400
6.02000000 0.27278100
6.03000000 0.26966400
6.04000000 0.26600000
6.05000000 0.26198700
6.06000000 0.25783100
6.07000000 0.25373900
6.08000000 0.24990300
6.09000000 0.24649900
6.10000000 0.24368300
6.11000000 0.24158800
6.12000000 0.24031500
6.13000000 0.23993600
6.14000000 0.24048600
6.15000000 0.24197400
6.16000000 0.24436500
6.17000000 0.24756600
6.18000000 0.25146500
6.19000000 0.25592100
6.20000000 0.26076100
6.21000000 0.26579200
6.22000000 0.27080200
6.23000000 0.27556400
6.24000000 0.27984800
6.25000000 0.28340200
6.26000000 0.28599800
6.27000000 0.28743000
6.28000000 0.28750400
6.29000000 0.28604900
6.30000000 0.28292500
6.31000000 0.27802400
6.32000000 0.27127200
6.33000000 0.26263500
6.34000000 0.25211700
6.35000000 0.23971900
6.36000000 0.22556700
6.37000000 0.20979100
6.38000000 0.19254400
6.39000000 0.17401200
6.40000000 0.15440300
6.41000000 0.13394500
6.42000000 0.11288100
6.43000000 0.09145970
6.44000000 0.06993310
6.45000000 0.04855900
6.46000000 0.02757460
6.47000000 0.00719771
6.48000000 -0.01237580
6.49000000 -0.03097620
6.50000000 -0.04846330
6.51000000 -0.06472920
6.52000000 -0.07970010
6.53000000 -0.09333690
6.54000000 -0.10562100
6.55000000 -0.11657500
6.56000000 -0.12628500
6.57000000 -0.13484200
6.58000000 -0.14236100
6.59000000 -0.14897500
6.60000000 -0.15483300
6.61000000 -0.16009200
6.62000000 -0.16491400
6.63000000 -0.16945700
6.64000000 -0.17387500
6.65000000 -0.17831400
6.66000000 -0.18289600
6.67000000 -0.18772100
6.68000000 -0.19286400
6.69000000 -0.19837400
6.70000000 -0.20427300
6.71000000 -0.21055000
6.72000000 -0.21717100
6.73000000 -0.22407000
6.74000000 -0.23116100
6.75000000 -0.23832300
6.76000000 -0.24542500
6.77000000 -0.25232500
6.78000000 -0.25886900
6.79000000 -0.26490300
6.80000000 -0.27027300
6.81000000 -0.27483300
6.82000000 -0.27845100
6.83000000 -0.28100800
6.84000000 -0.28238200
6.85000000 -0.28253400
6.86000000 -0.28142900
6.87000000 -0.27906000
6.88000000 -0.27545400
6.89000000 -0.27067100
6.90000000 -0.26480100
6.91000000 -0.25796300
6.92000000 -0.25030600
6.93000000 -0.24199400
6.94000000 -0.23322300
6.95000000 -0.22421000
6.96000000 -0.21516800
6.97000000 -0.20631100
6.98000000 -0.19785300
6.99000000 -0.18999400
7.00000000 -0.18292000
7.01000000 -0.17679600
7.02000000 -0.17176100
7.03000000 -0.16794400
7.04000000 -0.16541500
7.05000000 -0.16419300
7.06000000 -0.16427300
7.07000000 -0.16561100
7.08000000 -0.16812300
7.09000000 -0.17169100
7.10000000 -0.17616000
7.11000000 -0.18134500
7.12000000 -0.18703600
7.13000000 -0.19300000
7.14000000 -0.19897700
7.15000000 -0.20471000
7.16000000 -0.20994200
7.17000000 -0.21442200
7.18000000 -0.21791200
7.19000000 -0.22019400
7.20000000 -0.22107400
7.21000000 -0.22038900
7.22000000 -0.21800600
7.23000000 -0.21379500
7.24000000 -0.20775700
7.25000000 -0.19989500
7.26000000 -0.19025500
7.27000000 -0.17893000
7.28000000 -0.16605200
7.29000000 -0.15179400
7.30000000 -0.13636400
7.31000000 -0.12000100
7.32000000 -0.10296600
7.33000000 -0.08554820
7.34000000 -0.06805710
7.35000000 -0.05079160
7.36000000 -0.03404730
7.37000000 -0.01810960
7.38000000 -0.00324617
7.39000000 0.01029910
7.40000000 0.02231210
7.41000000 0.03261380
7.42000000 0.04103210
7.43000000 0.04747570
7.44000000 0.05191890
7.45000000 0.05435920
7.46000000 0.05483940
7.47000000 0.05344690
7.48000000 0.05031050
7.49000000 0.04559730
7.50000000 0.03950820
7.51000000 0.03227290
7.52000000 0.02412970
7.53000000 0.01537370
7.54000000 0.00628829
7.55000000 -0.00284581
7.56000000 -0.01175290
7.57000000 -0.02016870
7.58000000 -0.02784670
7.59000000 -0.03456400
7.60000000 -0.04012580
7.61000000 -0.04436760
7.62000000 -0.04712450
7.63000000 -0.04834770
7.64000000 -0.04799300
7.65000000 -0.04605580
7.66000000 -0.04257060
7.67000000 -0.03760870
7.68000000 -0.03127580
7.69000000 -0.02370800
7.70000000 -0.01506790
7.71000000 -0.00553334
7.72000000 0.00469471
7.73000000 0.01538770
7.74000000 0.02633080
7.75000000 0.03731090
7.76000000 0.04812220
7.77000000 0.05857110
7.78000000 0.06848140
7.79000000 0.07769740
7.80000000 0.08608810
7.81000000 0.09353340
7.82000000 0.09995880
7.83000000 0.10533300
7.84000000 0.10964200
7.85000000 0.11290000
7.86000000 0.11514800
7.87000000 0.11645100
7.88000000 0.11689600
7.89000000 0.11658500
7.90000000 0.11563400
7.91000000 0.11416100
7.92000000 0.11230800
7.93000000 0.11020700
7.94000000 0.10798300
7.95000000 0.10575000
7.96000000 0.10361300
7.97000000 0.10165600
7.98000000 0.09995110
7.99000000 0.09854570
8.00000000 0.09746890
8.01000000 0.09673630
8.02000000 0.09632280
8.03000000 0.09619310
8.04000000 0.09629430
8.05000000 0.09655820
8.06000000 0.09690460
8.07000000 0.09724450
8.08000000 0.09748410
8.09000000 0.09752860
8.10000000 0.09728320
8.11000000 0.09665540
8.12000000 0.09557820
8.13000000 0.09399320
8.14000000 0.09185900
8.15000000 0.08915440
8.16000000 0.08587900
8.17000000 0.08205530
8.18000000 0.07772830
8.19000000 0.07296510
8.20000000 0.06785060
8.21000000 0.06249860
8.22000000 0.05703900
8.23000000 0.05161040
8.24000000 0.04636010
8.25000000 0.04144090
8.26000000 0.03700580
8.27000000 0.03320400
8.28000000 0.03017630
8.29000000 0.02805010
8.30000000 0.02696040
8.31000000 0.02698240
8.32000000 0.02817160
8.33000000 0.03056290
8.34000000 0.03416130
8.35000000 0.03894150
8.36000000 0.04484730
8.37000000 0.05179160
8.38000000 0.05965860
8.39000000 0.06830540
8.40000000 0.07757550
8.41000000 0.08725750
8.42000000 0.09714590
8.43000000 0.10702500
8.44000000 0.11667100
8.45000000 0.12586400
8.46000000 0.13438500
8.47000000 0.14202800
8.48000000 0.14860200
8.49000000 0.15392600
8.50000000 0.15783300
8.51000000 0.16023500
8.52000000 0.16105400
8.53000000 0.16024400
8.54000000 0.15779700
8.55000000 0.15374200
8.56000000 0.14814400
8.57000000 0.14110300
8.58000000 0.13275500
8.59000000 0.12324800
8.60000000 0.11278400
8.61000000 0.10159400
8.62000000 0.08990730
8.63000000 0.07796590
8.64000000 0.06601600
8.65000000 0.05430340
8.66000000 0.04306680
8.67000000 0.03253280
8.68000000 0.02291000
8.69000000 0.01441160
8.70000000 0.00718474
8.71000000 0.00134620
8.72000000 -0.00301358
8.73000000 -0.00584030
8.74000000 -0.00711687
8.75000000 -0.00686360
8.76000000 -0.00513750
8.77000000 -0.00203068
8.78000000 0.00233214
8.79000000 0.00782259
8.80000000 0.01422310
8.81000000 0.02133140
8.82000000 0.02893020
8.83000000 0.03679230
8.84000000 0.04468590
8.85000000 0.05238070
8.86000000 0.05965280
8.87000000 0.06629060
8.88000000 0.07209210
8.89000000 0.07686320
8.90000000 0.08047610
8.91000000 0.08281350
8.92000000 0.08378950
8.93000000 0.08335050
8.94000000 0.08147600
8.95000000 0.07817890
8.96000000 0.07350420
8.97000000 0.06752720
8.98000000 0.06033710
8.99000000 0.05206840
9.00000000 0.04289050
9.01000000 0.03297240
9.02000000 0.02249490
9.03000000 0.01164690
9.04000000 0.00062027
9.05000000 -0.01039490
9.06000000 -0.02121460
9.07000000 -0.03166550
9.08000000 -0.04157430
9.09000000 -0.05080240
9.10000000 -0.05923570
9.11000000 -0.06677920
9.12000000 -0.07336260
9.13000000 -0.07894150
9.14000000 -0.08349710
9.15000000 -0.08703640
9.16000000 -0.08959030
9.17000000 -0.09121280
9.18000000 -0.09195690
9.19000000 -0.09194160
9.20000000 -0.09127520
9.21000000 -0.09007630
9.22000000 -0.08847080
9.23000000 -0.08658820
9.24000000 -0.08455810
9.25000000 -0.08250700
9.26000000 -0.08055430
9.27000000 -0.07881200
9.28000000 -0.07738580
9.29000000 -0.07635290
9.30000000 -0.07577840
9.31000000 -0.07571030
9.32000000 -0.07617810
9.33000000 -0.07719310
9.34000000 -0.07874880
9.35000000 -0.08082160
9.36000000 -0.08337230
9.37000000 -0.08635230
9.38000000 -0.08969370
9.39000000 -0.09331450
9.40000000 -0.09713210
9.41000000 -0.10106000
9.42000000 -0.10501000
9.43000000 -0.10889400
9.44000000 -0.11263000
9.45000000 -0.11613800
9.46000000 -0.11934900
9.47000000 -0.12219200
9.48000000 -0.12462300
9.49000000 -0.12660500
9.50000000 -0.12811500
9.51000000 -0.12914100
9.52000000 -0.12968400
9.53000000 -0.12975600
9.54000000 -0.12938100
9.55000000 -0.12859300
9.56000000 -0.12743300
9.57000000 -0.12594200
9.58000000 -0.12418400
9.59000000 -0.12221500
9.60000000 -0.12009200
9.61000000 -0.11787200
9.62000000 -0.11560600
9.63000000 -0.11334300
9.64000000 -0.11112600
9.65000000 -0.10898800
9.66000000 -0.10695700
9.67000000 -0.10505300
9.68000000 -0.10328100
9.69000000 -0.10164000
9.70000000 -0.10011800
9.71000000 -0.09869640
9.72000000 -0.09734800
9.73000000 -0.09603920
9.74000000 -0.09473140
9.75000000 -0.09338170
9.76000000 -0.09194330
9.77000000 -0.09036750
9.78000000 -0.08861050
9.79000000 -0.08662960
9.80000000 -0.08438560
9.81000000 -0.08184450
9.82000000 -0.07897870
9.83000000 -0.07576730
9.84000000 -0.07219740
9.85000000 -0.06826440
9.86000000 -0.06396500
9.87000000 -0.05931620
9.88000000 -0.05434200
9.89000000 -0.04907080
9.90000000 -0.04353760
9.91000000 -0.03778310
9.92000000 -0.03185280
9.93000000 -0.02579550
9.94000000 -0.01966240
9.95000000 -0.01350560
9.96000000 -0.00737871
9.97000000 -0.00133261
9.98000000 0.00458597
9.99000000 0.01033420
10.00000000 0.01587390
10.01000000 0.02117280
10.02000000 0.02620440
10.03000000 0.03094870
10.04000000 0.03539220
10.05000000 0.03952640
10.06000000 0.04334480
10.07000000 0.04686010
10.08000000 0.05008270
10.09000000 0.05302730
10.10000000 0.05571200
10.11000000 0.05815740
10.12000000 0.06038570
10.13000000 0.06241950
10.14000000 0.06428120
10.15000000 0.06599030
10.16000000 0.06756600
10.17000000 0.06902680
10.18000000 0.07038530
10.19000000 0.07165050
10.20000000 0.07282760
10.21000000 0.07391780
10.22000000 0.07491860
10.23000000 0.07582370
10.24000000 0.07662420
10.25000000 0.07730600
10.26000000 0.07785620
10.27000000 0.07826170
10.28000000 0.07850810
10.29000000 0.07858180
10.30000000 0.07847110
10.31000000 0.07816690
10.32000000 0.07766310
10.33000000 0.07695800
10.34000000 0.07605440
10.35000000 0.07495540
10.36000000 0.07367940
10.37000000 0.07224590
10.38000000 0.07067940
10.39000000 0.06900930
10.40000000 0.06726980
10.41000000 0.06549910
10.42000000 0.06373880
10.43000000 0.06203280
10.44000000 0.06042720
10.45000000 0.05897240
10.46000000 0.05771110
10.47000000 0.05668620
10.48000000 0.05593780
10.49000000 0.05550150
10.50000000 0.05540790
10.51000000 0.05568150
10.52000000 0.05633960
10.53000000 0.05739230
10.54000000 0.05884600
10.55000000 0.06069590
10.56000000 0.06291970
10.57000000 0.06549330
10.58000000 0.06838500
10.59000000 0.07155520
10.60000000 0.07495780
10.61000000 0.07854020
10.62000000 0.08224510
10.63000000 0.08601110
10.64000000 0.08977250
10.65000000 0.09346050
10.66000000 0.09700900
10.67000000 0.10035300
10.68000000 0.10342900
10.69000000 0.10617900
10.70000000 0.10854700
10.71000000 0.11048500
10.72000000 0.11194900
10.73000000 0.11290600
10.74000000 0.11331300
10.75000000 0.11316500
10.76000000 0.11245200
10.77000000 0.11117600
10.78000000 0.10934400
10.79000000 0.10697300
10.80000000 0.10408900
10.81000000 0.10072400
10.82000000 0.09691760
10.83000000 0.09271470
10.84000000 0.08816130
10.85000000 0.08332330
10.86000000 0.07826050
10.87000000 0.07303460
10.88000000 0.06770910
10.89000000 0.06234740
10.90000000 0.05701250
10.91000000 0.05176590
10.92000000 0.04666620
10.93000000 0.04177170
10.94000000 0.03713750
10.95000000 0.03280580
10.96000000 0.02881700
10.97000000 0.02520560
10.98000000 0.02199940
10.99000000 0.01921970
11.00000000 0.01688060
11.01000000 0.01498930
11.02000000 0.01354580
11.03000000 0.01255060
11.04000000 0.01198560
11.05000000 0.01182500
11.06000000 0.01204100
11.07000000 0.01260030
11.08000000 0.01346390
11.09000000 0.01458810
11.10000000 0.01592500
11.11000000 0.01742290
11.12000000 0.01902740
11.13000000 0.02068190
11.14000000 0.02232550
11.15000000 0.02390010
11.16000000 0.02534830
11.17000000 0.02661420
11.18000000 0.02764440
11.19000000 0.02838870
11.20000000 0.02880130
11.21000000 0.02884120
11.22000000 0.02847210
11.23000000 0.02765470
11.24000000 0.02637890
11.25000000 0.02463180
11.26000000 0.02240870
11.27000000 0.01971340
11.28000000 0.01655830
11.29000000 0.01296450
11.30000000 0.00896151
11.31000000 0.00458701
11.32000000 -0.00011634
11.33000000 -0.00509601
11.34000000 -0.01028670
11.35000000 -0.01562420
11.36000000 -0.02103990
11.37000000 -0.02646270
11.38000000 -0.03181970
11.39000000 -0.03703800
11.40000000 -0.04204600
11.41000000 -0.04677460
11.42000000 -0.05115210
11.43000000 -0.05511890
11.44000000 -0.05862750
11.45000000 -0.06163420
11.46000000 -0.06410490
11.47000000 -0.06601540
11.48000000 -0.06735220
11.49000000 -0.06811310
11.50000000 -0.06830730
11.51000000 -0.06795520
11.52000000 -0.06707720
11.53000000 -0.06572760
11.54000000 -0.06396150
11.55000000 -0.06184020
11.56000000 -0.05943260
11.57000000 -0.05681310
11.58000000 -0.05406080
11.59000000 -0.05125710
11.60000000 -0.04848420
11.61000000 -0.04582380
11.62000000 -0.04336130
11.63000000 -0.04116680
11.64000000 -0.03930670
11.65000000 -0.03783940
11.66000000 -0.03681360
11.67000000 -0.03626750
11.68000000 -0.03622770
11.69000000 -0.03670890
11.70000000 -0.03771290
11.71000000 -0.03923380
11.72000000 -0.04125240
11.73000000 -0.04372320
11.74000000 -0.04660020
11.75000000 -0.04982770
11.76000000 -0.05334200
11.77000000 -0.05707300
11.78000000 -0.06094580
11.79000000 -0.06488250
11.80000000 -0.06880460
11.81000000 -0.07263180
11.82000000 -0.07628680
11.83000000 -0.07970190
11.84000000 -0.08281470
11.85000000 -0.08557120
11.86000000 -0.08792700
11.87000000 -0.08984820
11.88000000 -0.09131220
11.89000000 -0.09230790
11.90000000 -0.09283620
11.91000000 -0.09289940
11.92000000 -0.09253030
11.93000000 -0.09176550
11.94000000 -0.09064820
11.95000000 -0.08922860
11.96000000 -0.08756290
11.97000000 -0.08571120
11.98000000 -0.08373580
11.99000000 -0.08169910
12.00000000 -0.07966190
12.01000000 -0.07768450
12.02000000 -0.07581820
12.03000000 -0.07410720
12.04000000 -0.07258720
12.05000000 -0.07128460
12.06000000 -0.07021550
12.07000000 -0.06938550
12.08000000 -0.06878930
12.09000000 -0.06841120
12.10000000 -0.06822670
12.11000000 -0.06820100
12.12000000 -0.06828680
12.13000000 -0.06843430
12.14000000 -0.06858920
12.15000000 -0.06869420
12.16000000 -0.06869120
12.17000000 -0.06852350
12.18000000 -0.06813720
12.19000000 -0.06748370
12.20000000 -0.06651540
12.21000000 -0.06519890
12.22000000 -0.06351550
12.23000000 -0.06145330
12.24000000 -0.05901210
12.25000000 -0.05620380
12.26000000 -0.05305200
12.27000000 -0.04959200
12.28000000 -0.04586960
12.29000000 -0.04194030
12.30000000 -0.03786630
12.31000000 -0.03372290
12.32000000 -0.02958550
12.33000000 -0.02553080
12.34000000 -0.02163490
12.35000000 -0.01797130
12.36000000 -0.01460840
12.37000000 -0.01160750
12.38000000 -0.00902033
12.39000000 -0.00688807
12.40000000 -0.00525179
12.41000000 -0.00411164
12.42000000 -0.00346538
12.43000000 -0.00329567
12.44000000 -0.00357013
12.45000000 -0.00424194
12.46000000 -0.00525083
12.47000000 -0.00652454
12.48000000 -0.00798060
12.49000000 -0.00952846
12.50000000 -0.01106810
12.51000000 -0.01249870
12.52000000 -0.01372180
12.53000000 -0.01464210
12.54000000 -0.01517060
12.55000000 -0.01522750
12.56000000 -0.01474440
12.57000000 -0.01366710
12.58000000 -0.01195720
12.59000000 -0.00958425
12.60000000 -0.00654816
12.61000000 -0.00287710
12.62000000 0.00139017
12.63000000 0.00619607
12.64000000 0.01146520
12.65000000 0.01710610
12.66000000 0.02301330
12.67000000 0.02906960
12.68000000 0.03514980
12.69000000 0.04111770
12.70000000 0.04683770
12.71000000 0.05218080
12.72000000 0.05702340
12.73000000 0.06125130
12.74000000 0.06476380
12.75000000 0.06747640
12.76000000 0.06932350
12.77000000 0.07026100
12.78000000 0.07026740
12.79000000 0.06932130
12.80000000 0.06747930
12.81000000 0.06479670
12.82000000 0.06135240
12.83000000 0.05724760
12.84000000 0.05260330
12.85000000 0.04755780
12.86000000 0.04226330
12.87000000 0.03688200
12.88000000 0.03158430
12.89000000 0.02654970
12.90000000 0.02194320
12.91000000 0.01792310
12.92000000 0.01463530
12.93000000 0.01220940
12.94000000 0.01075450
12.95000000 0.01035630
12.96000000 0.01107380
12.97000000 0.01293790
12.98000000 0.01596540
12.99000000 0.02012360
13.00000000 0.02533340
13.01000000 0.03150280
13.02000000 0.03851260
13.03000000 0.04621880
13.04000000 0.05445620
13.05000000 0.06304240
13.06000000 0.07178160
13.07000000 0.08047000
13.08000000 0.08889090
13.09000000 0.09683610
13.10000000 0.10411200
13.11000000 0.11053600
13.12000000 0.11594500
13.13000000 0.12019600
13.14000000 0.12317700
13.15000000 0.12480100
13.16000000 0.12501700
13.17000000 0.12380600
13.18000000 0.12114500
13.19000000 0.11713100
13.20000000 0.11185100
13.21000000 0.10542500
13.22000000 0.09800090
13.23000000 0.08975240
13.24000000 0.08087330
13.25000000 0.07157340
13.26000000 0.06207250
13.27000000 0.05259740
13.28000000 0.04338340
13.29000000 0.03464550
13.30000000 0.02658520
13.31000000 0.01938550
13.32000000 0.01320510
13.33000000 0.00817475
13.34000000 0.00439310
13.35000000 0.00192437
13.36000000 0.00079619
13.37000000 0.00101639
13.38000000 0.00253507
13.39000000 0.00524565
13.40000000 0.00902738
13.41000000 0.01372870
13.42000000 0.01917140
13.43000000 0.02515510
13.44000000 0.03146280
13.45000000 0.03786680
13.46000000 0.04413470
13.47000000 0.05002320
13.48000000 0.05530710
13.49000000 0.05978320
13.50000000 0.06326680
13.51000000 0.06559930
13.52000000 0.06665350
13.53000000 0.06633710
13.54000000 0.06459560
13.55000000 0.06141460
13.56000000 0.05682070
13.57000000 0.05084690
13.58000000 0.04364200
13.59000000 0.03535420
13.60000000 0.02616370
13.61000000 0.01627970
13.62000000 0.00593480
13.63000000 -0.00462088
13.64000000 -0.01512610
13.65000000 -0.02531550
13.66000000 -0.03492140
13.67000000 -0.04366890
13.68000000 -0.05133750
13.69000000 -0.05771820
13.70000000 -0.06263210
13.71000000 -0.06593610
13.72000000 -0.06752680
13.73000000 -0.06734380
13.74000000 -0.06537270
13.75000000 -0.06164550
13.76000000 -0.05622070
13.77000000 -0.04922660
13.78000000 -0.04086000
13.79000000 -0.03133080
13.80000000 -0.02088290
13.81000000 -0.00978840
13.82000000 0.00165862
13.83000000 0.01314940
13.84000000 0.02436810
13.85000000 0.03499930
13.86000000 0.04471230
13.87000000 0.05321710
13.88000000 0.06025800
13.89000000 0.06560290
13.90000000 0.06905780
13.91000000 0.07047150
13.92000000 0.06973990
13.93000000 0.06680910
13.94000000 0.06167740
13.95000000 0.05439590
13.96000000 0.04501640
13.97000000 0.03375280
13.98000000 0.02081190
13.99000000 0.00643968
14.00000000 -0.00908159
14.01000000 -0.02544000
14.02000000 -0.04230080
14.03000000 -0.05931460
14.04000000 -0.07612520
14.05000000 -0.09237310
14.06000000 -0.10768600
14.07000000 -0.12175200
14.08000000 -0.13427300
14.09000000 -0.14498600
14.10000000 -0.15366700
14.11000000 -0.16013600
14.12000000 -0.16426200
14.13000000 -0.16596600
14.14000000 -0.16522500
14.15000000 -0.16203700
14.16000000 -0.15648100
14.17000000 -0.14873500
14.18000000 -0.13898100
14.19000000 -0.12744800
14.20000000 -0.11439800
14.21000000 -0.10012400
14.22000000 -0.08494460
14.23000000 -0.06919170
14.24000000 -0.05320590
14.25000000 -0.03733690
14.26000000 -0.02192850
14.27000000 -0.00729459
14.28000000 0.00627356
14.29000000 0.01851450
14.30000000 0.02920210
14.31000000 0.03815030
14.32000000 0.04521690
14.33000000 0.05030540
14.34000000 0.05336690
14.35000000 0.05434780
14.36000000 0.05334710
14.37000000 0.05046280
14.38000000 0.04582920
14.39000000 0.03961730
14.40000000 0.03202950
14.41000000 0.02329400
14.42000000 0.01365860
14.43000000 0.00338431
14.44000000 -0.00726215
14.45000000 -0.01800640
14.46000000 -0.02858040
14.47000000 -0.03873930
14.48000000 -0.04825710
14.49000000 -0.05693260
14.50000000 -0.06459290
14.51000000 -0.07109700
14.52000000 -0.07633810
14.53000000 -0.08024540
14.54000000 -0.08276790
14.55000000 -0.08390190
14.56000000 -0.08370880
14.57000000 -0.08225910
14.58000000 -0.07965190
14.59000000 -0.07601100
14.60000000 -0.07148060
14.61000000 -0.06622090
14.62000000 -0.06040260
14.63000000 -0.05420200
14.64000000 -0.04779550
14.65000000 -0.04136400
14.66000000 -0.03507130
14.67000000 -0.02906560
14.68000000 -0.02347750
14.69000000 -0.01841740
14.70000000 -0.01397300
14.71000000 -0.01020790
14.72000000 -0.00716067
14.73000000 -0.00484514
14.74000000 -0.00326862
14.75000000 -0.00237902
14.76000000 -0.00211910
14.77000000 -0.00241613
14.78000000 -0.00318314
14.79000000 -0.00432242
14.80000000 -0.00572929
14.81000000 -0.00729594
14.82000000 -0.00891526
14.83000000 -0.01048390
14.84000000 -0.01190100
14.85000000 -0.01308510
14.86000000 -0.01396720
14.87000000 -0.01449420
14.88000000 -0.01463020
14.89000000 -0.01435740
14.90000000 -0.01367590
14.91000000 -0.01260380
14.92000000 -0.01117550
14.93000000 -0.00943774
14.94000000 -0.00745406
14.95000000 -0.00530261
14.96000000 -0.00306284
14.97000000 -0.00081756
14.98000000 0.00135035
14.99000000 0.00336134
15.00000000 0.00514240