-4.686655709519982338e-03
-1.107383868657052517e-03
-8.538052439689636230e-03
-3.229592344723641872e-03
-5.612574750557541847e-03
-1.142196648288518190e-03
-1.136300503276288509e-03
-3.655196866020560265e-03
-3.136765328235924244e-03
-8.784270379692316055e-03
-1.226565131219103932e-03
-4.460175288841128349e-03
-1.529696537181735039e-02
-8.408688241615891457e-03
-1.677352003753185272e-02
-7.918987190350890160e-03
-9.979825699701905251e-03
-1.455286331474781036e-02
-8.209057617932558060e-03
-1.493094908073544502e-02
4.663446685299277306e-03
-1.224875595653429627e-03
4.503263626247644424e-03
-1.486314518842846155e-03
-1.312775159021839499e-03
3.828510525636374950e-03
-1.987785450182855129e-03
4.436310729943215847e-03
3.745836089365184307e-03
7.079592614900320768e-04
-1.203278341563418508e-03
-6.585402647033333778e-03
3.707473631948232651e-03
5.365239012462552637e-04
1.067411154508590698e-03
3.629852435551583767e-03
-5.356492940336465836e-03
-1.210952097608242184e-03
1.520445512142032385e-03
4.330935189500451088e-03
